0	0.450709 0.000162 0.000451
1	0.017394 0.000457 0.000126
2	0.016613 0.001479 0.000024
3	0.020869 0.002627 0.001281
4	0.018627 0.004299 0.000511
5	0.019402 0.006349 0.000415
6	0.018194 0.005165 0.000168
7	0.014628 0.007401 0.000764
8	0.013318 0.010263 0.000740
9	0.012205 0.012933 0.000691
10	0.008796 0.013678 0.000391
11	0.006397 0.017196 0.000782
12	0.004034 0.023052 0.000679
13	0.003752 0.029966 0.000685
14	0.003042 0.033399 0.000517
15	0.003662 0.030874 0.000523
16	0.003716 0.027062 0.000331
17	0.003722 0.033892 0.000445
18	0.004281 0.028307 0.000511
19	0.004028 0.019625 0.000607
20	0.004251 0.017412 0.000529
21	0.004942 0.014171 0.000517
22	0.004479 0.004131 0.000619
23	0.005135 0.006211 0.000770
24	0.004714 0.011466 0.000613
25	0.004966 0.006500 0.000667
26	0.005375 0.012933 0.000667
27	0.005568 0.006566 0.000764
28	0.005634 0.012332 0.000764
29	0.006006 0.005886 0.001016
30	0.005447 0.014586 0.001028
31	0.005838 0.012422 0.001557
32	0.006163 0.008153 0.001569
33	0.005622 0.013149 0.002832
34	0.006085 0.011490 0.001840
35	0.005946 0.009325 0.002177
36	0.006283 0.013805 0.001684
37	0.006301 0.013510 0.001371
38	0.006397 0.017106 0.001521
39	0.007179 0.016829 0.001365
40	0.006301 0.017039 0.001178
41	0.005868 0.018260 0.000824
42	0.007083 0.015831 0.001293
43	0.006704 0.018080 0.000764
44	0.007059 0.015350 0.001257
45	0.006385 0.018098 0.000746
46	0.007383 0.018242 0.001383
47	0.007257 0.017478 0.001142
48	0.007125 0.019324 0.001696
49	0.007395 0.021008 0.001413
50	0.007762 0.022102 0.001677
51	0.007029 0.019805 0.002086
52	0.008111 0.017196 0.001990
53	0.006932 0.016667 0.002609
54	0.007341 0.016757 0.003229
55	0.006698 0.015548 0.004052
56	0.007546 0.014424 0.004984
57	0.008021 0.012001 0.005051
58	0.009524 0.011045 0.006343
59	0.009638 0.011418 0.006854
60	0.008171 0.009163 0.007311
61	0.008959 0.008808 0.008496
62	0.007774 0.008345 0.009001
63	0.007425 0.008045 0.013011
64	0.007041 0.008075 0.013630
65	0.006163 0.007624 0.016937
66	0.005898 0.007522 0.016324
67	0.005706 0.006734 0.017118
68	0.004479 0.005778 0.015897
69	0.004082 0.005393 0.016901
70	0.003884 0.004515 0.015849
71	0.002375 0.003650 0.015001
72	0.002561 0.003632 0.015969
73	0.001828 0.003595 0.014556
74	0.002104 0.003884 0.017094
75	0.001401 0.003872 0.016336
76	0.001209 0.003914 0.016913
77	0.001696 0.004563 0.017352
78	0.000541 0.003397 0.017118
79	0.001485 0.003048 0.016138
80	0.000565 0.002982 0.017154
81	0.000613 0.002429 0.015747
82	0.000998 0.001852 0.021248
83	0.000247 0.001052 0.017923
84	0.000427 0.000938 0.019168
85	0.000439 0.000667 0.016625
86	0.000072 0.000162 0.022763
87	0.000247 0.000072 0.022709
88	0.000054 0.000000 0.027002
89	0.000066 0.000000 0.018867
90	0.000054 0.000000 0.026371
91	0.000084 0.000000 0.023016
92	0.000006 0.000000 0.018693
93	0.000000 0.000000 0.023497
94	0.000000 0.000000 0.016071
95	0.000012 0.000000 0.017725
96	0.000006 0.000000 0.011953
97	0.000000 0.000000 0.015608
98	0.000000 0.000000 0.006674
99	0.000000 0.000000 0.017719
100	0.000000 0.000000 0.007419
101	0.000000 0.000000 0.015338
102	0.000000 0.000000 0.007101
103	0.000000 0.000000 0.015356
104	0.000000 0.000000 0.010402
105	0.000000 0.000000 0.011598
106	0.000000 0.000000 0.013143
107	0.000000 0.000000 0.012428
108	0.000000 0.000000 0.009392
109	0.000000 0.000000 0.012650
110	0.000000 0.000000 0.009710
111	0.000000 0.000000 0.010546
112	0.000000 0.000000 0.011664
113	0.000000 0.000000 0.011207
114	0.000000 0.000000 0.014364
115	0.000000 0.000000 0.013660
116	0.000000 0.000000 0.014803
117	0.000000 0.000000 0.009157
118	0.000000 0.000000 0.006794
119	0.000000 0.000000 0.004251
120	0.000000 0.000000 0.003626
121	0.000000 0.000000 0.003211
122	0.000000 0.000000 0.003553
123	0.000000 0.000000 0.002778
124	0.000000 0.000000 0.001569
125	0.000000 0.000000 0.000758
126	0.000000 0.000000 0.000373
127	0.000000 0.000000 0.000078
128	0.000000 0.000000 0.000042
129	0.000000 0.000000 0.000018
130	0.000000 0.000000 0.000000
131	0.000000 0.000000 0.000000
132	0.000000 0.000000 0.000000
133	0.000000 0.000000 0.000000
134	0.000000 0.000000 0.000000
135	0.000000 0.000000 0.000000
136	0.000000 0.000000 0.000000
137	0.000000 0.000000 0.000000
138	0.000000 0.000000 0.000000
139	0.000000 0.000000 0.000000
140	0.000000 0.000000 0.000000
141	0.000000 0.000000 0.000000
142	0.000000 0.000000 0.000000
143	0.000000 0.000000 0.000000
144	0.000000 0.000000 0.000000
145	0.000000 0.000000 0.000000
146	0.000000 0.000000 0.000000
147	0.000000 0.000000 0.000000
148	0.000000 0.000000 0.000000
149	0.000000 0.000000 0.000000
150	0.000000 0.000000 0.000000
151	0.000000 0.000000 0.000000
152	0.000000 0.000000 0.000000
153	0.000000 0.000000 0.000000
154	0.000000 0.000000 0.000000
155	0.000000 0.000000 0.000000
156	0.000000 0.000000 0.000000
157	0.000000 0.000000 0.000000
158	0.000000 0.000000 0.000000
159	0.000000 0.000000 0.000000
160	0.000000 0.000000 0.000000
161	0.000000 0.000000 0.000000
162	0.000000 0.000000 0.000012
163	0.000018 0.000000 0.000000
164	0.000006 0.000000 0.000132
165	0.000018 0.000000 0.000000
166	0.000042 0.000000 0.000174
167	0.000084 0.000000 0.000000
168	0.000042 0.000000 0.000096
169	0.000361 0.000000 0.000000
170	0.000000 0.000000 0.000373
171	0.000409 0.000048 0.000000
172	0.000259 0.000216 0.000271
173	0.000403 0.001221 0.000000
174	0.001124 0.001287 0.002591
175	0.000385 0.000968 0.000000
176	0.000439 0.000535 0.000379
177	0.000409 0.000144 0.000000
178	0.000000 0.000006 0.000295
179	0.000174 0.000018 0.000000
180	0.000096 0.000000 0.000090
181	0.000120 0.000000 0.000000
182	0.000030 0.000000 0.000024
183	0.000024 0.000000 0.000000
184	0.000000 0.000000 0.000006
185	0.000000 0.000000 0.000000
186	0.000000 0.000000 0.000000
187	0.000000 0.000000 0.000000
188	0.000000 0.000000 0.000000
189	0.000000 0.000000 0.000000
190	0.000000 0.000000 0.000000
191	0.000000 0.000000 0.000000
192	0.000000 0.000000 0.000000
193	0.000000 0.000000 0.000000
194	0.000000 0.000000 0.000000
195	0.000000 0.000000 0.000000
196	0.000000 0.000000 0.000000
197	0.000000 0.000000 0.000000
198	0.000000 0.000000 0.000000
199	0.000000 0.000000 0.000000
200	0.000000 0.000000 0.000000
201	0.000000 0.000000 0.000000
202	0.000000 0.000000 0.000000
203	0.000000 0.000000 0.000000
204	0.000000 0.000000 0.000000
205	0.000000 0.000000 0.000000
206	0.000000 0.000000 0.000000
207	0.000000 0.000000 0.000000
208	0.000000 0.000000 0.000000
209	0.000000 0.000000 0.000000
210	0.000000 0.000000 0.000000
211	0.000000 0.000000 0.000000
212	0.000000 0.000000 0.000000
213	0.000000 0.000000 0.000000
214	0.000000 0.000000 0.000000
215	0.000000 0.000000 0.000000
216	0.000000 0.000000 0.000000
217	0.000000 0.000000 0.000000
218	0.000000 0.000000 0.000000
219	0.000000 0.000000 0.000000
220	0.000000 0.000000 0.000000
221	0.000000 0.000000 0.000000
222	0.000000 0.000000 0.000000
223	0.000000 0.000000 0.000000
224	0.000000 0.000000 0.000000
225	0.000000 0.000000 0.000000
226	0.000000 0.000000 0.000000
227	0.000000 0.000000 0.000000
228	0.000000 0.000000 0.000000
229	0.000000 0.000000 0.000000
230	0.000000 0.000000 0.000000
231	0.000000 0.000000 0.000000
232	0.000000 0.000000 0.000000
233	0.000000 0.000000 0.000000
234	0.000000 0.000000 0.000000
235	0.000000 0.000000 0.000000
236	0.000000 0.000000 0.000000
237	0.000000 0.000000 0.000000
238	0.000000 0.000000 0.000000
239	0.000000 0.000000 0.000000
240	0.000000 0.000000 0.000000
241	0.000000 0.000000 0.000000
242	0.000000 0.000000 0.000000
243	0.000000 0.000000 0.000000
244	0.000000 0.000000 0.000000
245	0.000000 0.000000 0.000000
246	0.000000 0.000000 0.000000
247	0.000000 0.000000 0.000000
248	0.000000 0.000000 0.000000
249	0.000000 0.000000 0.000000
250	0.000000 0.000000 0.000000
251	0.000000 0.000000 0.000000
252	0.000000 0.000000 0.000000
253	0.000000 0.000000 0.000000
254	0.000000 0.000000 0.000000
255	0.000000 0.000000 0.000000
